image_width: 640
image_height: 480
camera_name: narrow_stereo/left
camera_matrix:
  rows: 3
  cols: 3
  data: [402.044434, 0, 312.327177, 0, 400.772861, 227.778486, 0, 0, 1]
distortion_model: plumb_bob
distortion_coefficients:
  rows: 1
  cols: 5
  data: [-0.269512, 0.045058, 0.000779, -0.000829, 0]
rectification_matrix:
  rows: 3
  cols: 3
  data: [1, 0, 0, 0, 1, 0, 0, 0, 1]
projection_matrix:
  rows: 3
  cols: 4
  data: [304.857849, 0, 303.063396, 0, 0, 353.959412, 224.124585, 0, 0, 0, 1, 0]