header:
  seq: 2558
  stamp:
    secs: 1562220908
    nsecs: 680986635
  frame_id: camera_rgb_optical_frame
height: 480
width: 640
distortion_model: plumb_bob
D: [0.0, 0.0, 0.0, 0.0, 0.0]
K: [570.3422241210938, 0.0, 319.5, 0.0, 570.3422241210938, 239.5, 0.0, 0.0, 1.0]
R: [1.0, 0.0, 0.0, 0.0, 1.0, 0.0, 0.0, 0.0, 1.0]
P: [570.3422241210938, 0.0, 319.5, 0.0, 0.0, 570.3422241210938, 239.5, 0.0, 0.0, 0.0, 1.0, 0.0]
binning_x: 0
binning_y: 0
roi:
  x_offset: 0
  y_offset: 0
  height: 0
  width: 0
  do_rectify: False
